
34 89 3 70 1 25 49 0 100 23 100 67 56 99 0 100 0
20 71 0 29 31 0 78 12 100 51 84 93 37 100 8 66 0
42 93 19 88 0 42 24 0 83 11 100 56 75 100 17 97 0
33 86 0 55 1 12 52 0 90 34 100 76 56 100 6 77 0
27 83 0 42 9 0 65 17 96 57 100 100 45 95 10 58 0
10 100 0 60 14 18 60 0 100 24 96 66 58 95 19 73 0
29 80 0 41 14 0 70 14 100 53 100 96 49 100 19 62 0
29 97 0 57 22 10 68 0 100 40 83 90 37 100 12 57 0
11 45 17 6 55 0 88 25 100 61 79 94 38 100 0 84 0
15 84 0 57 5 17 52 0 95 28 100 67 70 100 20 87 0
25 76 0 39 15 0 68 1 98 36 100 76 58 100 7 90 0
62 100 25 91 0 49 7 2 55 0 92 30 100 78 63 100 0
78 99 21 85 0 50 5 14 59 0 100 27 100 65 79 100 0
56 97 15 77 0 35 23 0 70 3 100 36 95 78 54 100 0
23 97 0 48 17 0 58 3 93 35 100 89 59 100 23 73 0
26 94 0 61 6 16 47 0 91 17 100 60 71 95 27 100 0
52 100 12 74 0 41 12 9 66 0 100 27 98 60 79 93 0
10 98 0 54 7 11 51 0 90 30 100 72 66 100 18 88 0
14 72 5 25 39 0 81 20 100 63 75 100 30 98 0 65 0
24 96 0 61 7 16 43 0 82 11 100 48 78 86 39 100 0
98 89 53 100 12 72 0 27 37 0 86 21 100 63 92 90 0
20 57 0 20 40 0 83 23 100 62 87 100 40 88 11 53 0
79 98 30 90 2 53 0 10 46 0 88 27 100 70 73 100 0
79 100 27 86 0 53 9 15 53 0 95 25 100 63 76 99 0
55 100 15 89 0 39 23 0 69 6 100 44 90 92 47 91 0
70 100 100 97 70 81 45 65 30 49 20 33 0 16 0 0 1
27 73 81 100 83 91 78 52 62 14 0 0 29 1 100 5 1
0 50 41 69 76 90 100 100 89 74 78 50 70 25 68 0 1
2 75 37 100 56 99 58 61 46 25 0 0 34 5 100 8 1
0 55 46 58 73 82 100 100 92 75 89 50 84 25 89 0 1
22 72 55 100 54 89 53 50 55 12 0 1 49 0 100 4 1
88 100 100 95 75 79 38 64 25 47 12 32 0 16 12 0 1
53 64 73 100 70 83 67 42 36 11 0 0 49 4 100 9 1
0 39 30 69 48 100 39 69 41 35 33 5 31 2 100 0 1
100 100 79 86 62 71 50 57 33 43 21 28 8 14 0 0 1
27 50 56 89 64 100 55 52 35 9 0 2 52 2 100 0 1
15 70 48 100 63 89 57 56 67 24 15 1 0 0 100 0 1
45 69 74 100 68 94 57 50 39 9 0 3 50 3 100 0 1
100 100 70 86 53 72 37 58 20 43 10 29 0 14 13 0 1
100 100 82 91 64 75 50 59 27 43 14 27 0 11 0 0 1
7 59 29 100 31 91 32 46 31 1 0 0 54 1 100 0 1
18 73 62 100 53 85 53 53 52 20 0 0 8 6 100 6 1
9 49 42 63 82 85 100 100 76 74 51 48 29 22 0 0 1
0 61 29 88 51 100 43 66 43 32 23 0 11 2 100 3 1
0 66 39 83 100 100 100 82 84 62 68 41 58 20 50 0 1
0 73 27 86 73 100 100 98 89 72 83 46 82 20 85 0 1
0 69 47 81 88 100 100 91 91 68 76 45 71 22 68 0 1
100 100 93 86 73 72 57 57 40 44 23 29 10 15 0 0 1
0 73 40 98 58 100 55 64 58 27 24 3 43 0 100 4 1
0 61 34 81 84 100 100 94 84 71 70 47 55 24 48 0 1
3 74 33 100 52 71 33 34 3 2 0 4 51 0 100 1 2
0 79 27 93 60 100 77 80 72 54 64 28 66 4 100 0 2
24 72 50 100 61 64 33 33 0 12 29 19 64 0 100 10 2
18 74 49 100 53 67 31 31 0 0 13 11 59 2 100 8 2
0 77 34 100 82 97 72 64 39 36 4 10 48 1 100 0 2
10 61 35 100 69 88 41 46 0 13 10 28 53 0 100 23 2
0 83 20 100 67 96 73 74 64 51 51 30 56 9 100 0 2
9 74 38 100 53 78 30 43 0 17 27 8 63 6 100 0 2
13 78 49 100 65 76 38 48 4 23 0 9 54 14 100 0 2
28 77 40 100 49 67 29 32 0 18 32 14 66 0 100 18 2
29 97 59 100 46 72 14 58 0 43 32 27 64 9 100 0 2
19 78 40 100 54 75 31 45 0 19 26 9 62 0 100 13 2
0 74 19 98 60 100 46 66 22 34 15 0 59 0 100 11 2
41 93 88 100 86 75 47 53 0 38 5 25 50 10 100 0 2
28 69 43 100 77 86 60 45 29 9 0 1 52 0 100 6 2
16 86 44 100 35 59 12 25 0 4 33 3 66 1 100 0 2
10 68 35 100 59 72 37 30 0 3 15 14 58 2 100 0 2
53 85 60 100 57 67 32 39 0 15 29 5 69 0 100 24 2
0 91 27 100 31 62 16 26 10 0 40 3 70 7 100 8 2
11 64 23 100 52 84 34 45 5 10 0 0 50 3 100 5 2
0 75 15 100 47 99 42 69 31 39 30 9 63 0 100 1 2
9 74 32 100 63 84 48 48 12 19 0 13 49 4 100 0 2
2 76 35 100 76 86 57 52 18 26 0 14 51 11 100 0 2
25 70 40 100 68 81 47 46 18 14 0 0 53 3 100 12 2
24 61 45 100 90 99 68 54 29 17 0 14 51 0 100 5 2
21 85 57 100 63 71 30 55 85 47 100 15 48 0 0 11 3
54 87 85 100 76 71 65 47 100 21 77 0 33 5 0 22 3
52 87 79 100 79 75 72 49 100 29 76 8 36 0 0 7 3
0 94 33 100 52 83 64 65 77 47 100 30 89 13 52 0 3
0 87 27 100 55 87 68 68 82 50 100 32 100 13 73 0 3
37 80 53 100 88 83 59 60 100 44 92 15 49 0 0 8 3
51 100 85 98 100 80 67 67 59 43 67 17 37 1 0 0 3
0 92 44 100 71 83 56 59 100 47 89 19 50 0 3 1 3
0 87 42 100 100 94 87 73 67 53 64 32 69 11 22 0 3
17 82 50 100 86 86 56 57 97 46 100 17 51 0 0 6 3
0 89 29 100 66 87 70 66 84 46 100 26 75 8 25 0 3
26 83 72 100 84 69 56 45 100 47 87 15 36 0 0 24 3
24 78 56 100 96 83 77 53 100 39 97 10 46 0 0 18 3
36 84 81 100 97 70 52 46 96 33 100 5 45 0 0 18 3
21 90 68 100 69 67 56 47 100 37 80 3 31 0 0 28 3
17 86 68 100 71 70 57 60 100 41 91 7 35 0 0 19 3
6 75 36 97 92 100 69 75 66 51 100 30 54 12 0 0 3
14 85 54 100 100 96 72 72 87 41 92 10 47 0 0 3 3
14 90 65 100 100 84 57 65 71 53 91 26 56 3 0 0 3
57 100 84 99 79 71 68 47 100 30 77 9 38 0 0 3 3
0 44 11 72 48 93 98 100 100 74 70 50 64 27 82 0 3
38 86 66 100 100 94 70 74 71 39 70 7 35 0 0 3 3
9 84 44 100 67 78 27 55 83 44 100 14 48 0 0 3 3
27 76 41 100 100 94 79 66 86 45 94 16 39 0 0 10 3
37 55 41 86 100 100 97 71 83 53 96 23 49 0 0 9 3
69 100 44 77 5 50 0 28 67 23 100 44 95 29 89 0 4
19 100 35 93 0 63 12 36 89 37 100 66 94 33 89 0 4
53 100 30 95 0 60 100 55 92 87 77 79 79 37 79 0 4
100 95 75 100 42 70 0 44 42 33 85 49 83 31 85 0 4
79 100 41 82 0 61 23 45 77 37 86 54 86 25 100 0 4
34 100 14 83 2 66 0 48 23 34 65 30 91 17 100 0 4
49 100 7 83 0 54 100 60 72 82 51 86 59 36 68 0 4
61 100 0 72 1 42 79 43 100 67 67 90 56 45 57 0 4
97 100 45 84 0 62 2 46 48 41 100 45 58 23 21 0 4
29 100 4 77 0 54 64 53 100 69 71 47 46 24 32 0 4
45 100 12 79 0 52 62 40 100 56 88 55 78 27 68 0 4
12 100 10 90 0 56 58 43 100 65 97 70 91 35 90 0 4
36 100 3 88 0 64 54 55 100 67 73 45 46 23 29 0 4
24 100 24 76 0 45 100 48 100 57 61 65 61 31 67 0 4
14 100 14 92 0 65 55 55 100 72 72 53 49 27 29 0 4
47 100 12 70 0 41 65 43 100 49 51 69 49 33 50 0 4
25 100 16 73 0 44 57 40 100 54 88 58 65 29 51 0 4
23 100 0 81 25 48 100 44 96 80 85 68 76 28 65 0 4
100 100 74 90 28 68 0 44 77 46 72 48 37 23 9 0 4
71 98 76 100 39 75 0 51 39 36 100 49 76 26 86 0 4
46 100 38 76 0 48 47 48 100 67 91 64 70 31 44 0 4
38 100 6 73 0 41 71 37 100 67 80 63 49 32 21 0 4
10 100 0 77 30 60 73 55 100 71 77 53 64 27 57 0 4
43 100 0 73 6 44 90 41 100 54 56 68 52 34 62 0 4
49 100 16 85 0 64 20 47 88 51 100 43 84 22 71 0 4